{
 "cells": [
  {
   "cell_type": "code",
   "execution_count": 13,
   "id": "e2ba62b7",
   "metadata": {},
   "outputs": [
    {
     "name": "stdout",
     "output_type": "stream",
     "text": [
      "results/test/task_78_repeat-5-monomers: RMSD = 0.7454\n",
      "results/test/task_20_repeat-5-monomers: RMSD = 0.0081\n",
      "results/test/task_99_repeat-5-monomers: RMSD = 1.1993\n",
      "results/test/task_105_repeat-5-monomers: RMSD = 0.0992\n",
      "results/test/task_75_repeat-5-monomers: RMSD = 0.2254\n",
      "results/test/task_58_repeat-5-monomers: RMSD = 0.0000\n",
      "results/test/task_13_repeat-5-monomers: RMSD = 0.1164\n",
      "results/test/task_6_repeat-5-monomers: RMSD = 0.7257\n",
      "results/test/task_52_repeat-5-monomers: RMSD = 1.0339\n",
      "results/test/task_12_repeat-5-monomers: RMSD = 0.3298\n",
      "results/test/task_98_repeat-5-monomers: RMSD = 0.0474\n",
      "results/test/task_27_repeat-5-monomers: RMSD = 0.1601\n",
      "results/test/task_53_repeat-5-monomers: RMSD = 0.0098\n",
      "results/test/task_40_repeat-5-monomers: RMSD = 1.0578\n",
      "results/test/task_38_repeat-5-monomers: RMSD = 0.4574\n",
      "results/test/task_59_repeat-5-monomers: RMSD = 1.9150\n",
      "results/test/task_29_repeat-5-monomers: RMSD = 0.6817\n",
      "results/test/task_5_repeat-5-monomers: RMSD = 0.4146\n",
      "results/test/task_25_repeat-5-monomers: RMSD = 0.0000\n",
      "results/test/task_11_repeat-5-monomers: RMSD = 0.1980\n",
      "results/test/task_57_repeat-5-monomers: RMSD = 1.2705\n",
      "results/test/task_22_repeat-5-monomers: RMSD = 0.3227\n",
      "results/test/task_74_repeat-5-monomers: RMSD = 0.1288\n",
      "results/test/task_46_repeat-5-monomers: RMSD = 0.0383\n",
      "results/test/task_44_repeat-5-monomers: RMSD = 0.1235\n",
      "results/test/task_65_repeat-5-monomers: RMSD = 0.8399\n",
      "results/test/task_103_repeat-5-monomers: RMSD = 1.0367\n",
      "results/test/task_88_repeat-5-monomers: RMSD = 1.2449\n",
      "results/test/task_7_repeat-5-monomers: RMSD = 0.0790\n",
      "results/test/task_18_repeat-5-monomers: RMSD = 1.2738\n",
      "results/test/task_45_repeat-5-monomers: RMSD = 0.7817\n",
      "results/test/task_42_repeat-5-monomers: RMSD = 0.1973\n",
      "results/test/task_41_repeat-5-monomers: RMSD = 0.5534\n",
      "results/test/task_8_repeat-5-monomers: RMSD = 0.3440\n",
      "results/test/task_4_repeat-5-monomers: RMSD = 0.3249\n",
      "results/test/task_24_repeat-5-monomers: RMSD = 0.3491\n",
      "results/test/task_21_repeat-5-monomers: RMSD = 0.3449\n",
      "results/test/task_9_repeat-5-monomers: RMSD = 0.2943\n",
      "results/test/task_69_repeat-5-monomers: RMSD = 1.4515\n",
      "results/test/task_32_repeat-5-monomers: RMSD = 1.1482\n",
      "results/test/task_62_repeat-5-monomers: RMSD = 0.4739\n",
      "results/test/task_68_repeat-5-monomers: RMSD = 0.1847\n",
      "results/test/task_51_repeat-5-monomers: RMSD = 1.6635\n",
      "results/test/task_82_repeat-5-monomers: RMSD = 0.1319\n",
      "results/test/task_54_repeat-5-monomers: RMSD = 0.2715\n",
      "results/test/task_66_repeat-5-monomers: RMSD = 0.2061\n",
      "results/test/task_17_repeat-5-monomers: RMSD = 0.0383\n",
      "results/test/task_49_repeat-5-monomers: RMSD = 0.9998\n",
      "results/test/task_10_repeat-5-monomers: RMSD = 0.8931\n",
      "results/test/task_83_repeat-5-monomers: RMSD = 1.4875\n",
      "results/test/task_19_repeat-5-monomers: RMSD = 1.1400\n",
      "results/test/task_91_repeat-5-monomers: RMSD = 1.7707\n",
      "results/test/task_48_repeat-5-monomers: RMSD = 1.3853\n",
      "results/test/task_37_repeat-5-monomers: RMSD = 0.1889\n",
      "results/test/task_0_repeat-5-monomers: RMSD = 1.1946\n",
      "results/test/task_55_repeat-5-monomers: RMSD = 1.4248\n",
      "results/test/task_61_repeat-5-monomers: RMSD = 1.4916\n",
      "results/test/task_79_repeat-5-monomers: RMSD = 0.0928\n",
      "results/test/task_92_repeat-5-monomers: RMSD = 0.8345\n",
      "results/test/task_86_repeat-5-monomers: RMSD = 1.1311\n",
      "results/test/task_31_repeat-5-monomers: RMSD = 2.5148\n",
      "results/test/task_14_repeat-5-monomers: RMSD = 0.5679\n",
      "results/test/task_96_repeat-5-monomers: RMSD = 0.9685\n",
      "results/test/task_16_repeat-5-monomers: RMSD = 0.1441\n",
      "results/test/task_34_repeat-5-monomers: RMSD = 3.1907\n",
      "results/test/task_28_repeat-5-monomers: RMSD = 0.1512\n",
      "results/test/task_72_repeat-5-monomers: RMSD = 0.3262\n",
      "results/test/task_76_repeat-5-monomers: RMSD = 0.9035\n",
      "results/test/task_89_repeat-5-monomers: RMSD = 0.0192\n",
      "results/test/task_67_repeat-5-monomers: RMSD = 0.2250\n",
      "results/test/task_47_repeat-5-monomers: RMSD = 1.0017\n",
      "results/test/task_81_repeat-5-monomers: RMSD = 0.6880\n",
      "results/test/task_3_repeat-5-monomers: RMSD = 0.3496\n",
      "results/test/task_100_repeat-5-monomers: RMSD = 0.0052\n",
      "results/test/task_73_repeat-5-monomers: RMSD = 0.9499\n",
      "results/test/task_104_repeat-5-monomers: RMSD = 1.0244\n",
      "results/test/task_94_repeat-5-monomers: RMSD = 0.0533\n",
      "results/test/task_90_repeat-5-monomers: RMSD = 0.7714\n",
      "results/test/task_33_repeat-5-monomers: RMSD = 0.0086\n",
      "results/test/task_63_repeat-5-monomers: RMSD = 0.3136\n",
      "results/test/task_1_repeat-5-monomers: RMSD = 0.4161\n",
      "results/test/task_26_repeat-5-monomers: RMSD = 0.7457\n",
      "results/test/task_60_repeat-5-monomers: RMSD = 3.4922\n",
      "results/test/task_64_repeat-5-monomers: RMSD = 0.2103\n",
      "results/test/task_95_repeat-5-monomers: RMSD = 0.1638\n",
      "results/test/task_80_repeat-5-monomers: RMSD = 0.3309\n",
      "results/test/task_70_repeat-5-monomers: RMSD = 0.6657\n",
      "results/test/task_50_repeat-5-monomers: RMSD = 0.5022\n",
      "results/test/task_109_repeat-5-monomers: RMSD = 0.7664\n",
      "results/test/task_36_repeat-5-monomers: RMSD = 0.5891\n",
      "results/test/task_30_repeat-5-monomers: RMSD = 1.2893\n",
      "results/test/task_2_repeat-5-monomers: RMSD = 0.7457\n",
      "results/test/task_43_repeat-5-monomers: RMSD = 0.3091\n",
      "results/test/task_77_repeat-5-monomers: RMSD = 0.0193\n",
      "results/test/task_93_repeat-5-monomers: RMSD = 0.8324\n"
     ]
    }
   ],
   "source": [
    "from rdkit import Chem\n",
    "from rdkit.Chem import rdMolAlign\n",
    "import os\n",
    "\n",
    "def get_all_task_dirs(results_dir=\"results\"):\n",
    "    task_dirs = []\n",
    "    for prefix in os.listdir(results_dir):\n",
    "        prefix_path = os.path.join(results_dir, prefix)\n",
    "        if not os.path.isdir(prefix_path):\n",
    "            continue\n",
    "        for task_id in os.listdir(prefix_path):\n",
    "            task_path = os.path.join(prefix_path, task_id)\n",
    "            if os.path.isdir(task_path):\n",
    "                task_dirs.append(task_path)\n",
    "    return task_dirs\n",
    "\n",
    "def calc_rmsd_for_task(task_dir):\n",
    "    init_path = os.path.join(task_dir, \"homopoly_init.sdf\")\n",
    "    relaxed_path = os.path.join(task_dir, \"homopoly_relaxed.sdf\")\n",
    "    if not (os.path.exists(init_path) and os.path.exists(relaxed_path)):\n",
    "        return None\n",
    "    mol_init = Chem.SDMolSupplier(init_path, removeHs=False)[0]\n",
    "    mol_relaxed = Chem.SDMolSupplier(relaxed_path, removeHs=False)[0]\n",
    "    if mol_init is None or mol_relaxed is None:\n",
    "        return None\n",
    "    # 保证分子有构象\n",
    "    if mol_init.GetNumConformers() == 0 or mol_relaxed.GetNumConformers() == 0:\n",
    "        return None\n",
    "    # 计算RMSD\n",
    "    try:\n",
    "        rmsd = rdMolAlign.GetBestRMS(mol_init, mol_relaxed)\n",
    "    except Exception as e:\n",
    "        rmsd = None\n",
    "    return rmsd\n",
    "\n",
    "results = []\n",
    "task_dirs = get_all_task_dirs(\"results\")\n",
    "for task_dir in task_dirs:\n",
    "    rmsd = calc_rmsd_for_task(task_dir)\n",
    "    if rmsd is not None:\n",
    "        print(f\"{task_dir}: RMSD = {rmsd:.4f}\")\n",
    "        results.append((task_dir, rmsd))\n",
    "    else:\n",
    "        print(f\"{task_dir}: 计算失败或文件缺失\")\n"
   ]
  },
  {
   "cell_type": "code",
   "execution_count": 14,
   "id": "dcec55ec",
   "metadata": {},
   "outputs": [
    {
     "name": "stdout",
     "output_type": "stream",
     "text": [
      "No sub-structure match found between the reference and probe mol\n",
      "No sub-structure match found between the reference and probe mol\n",
      "No sub-structure match found between the reference and probe mol\n",
      "No sub-structure match found between the reference and probe mol\n",
      "\n",
      "results/test/task_78_repeat-5-monomers 的 local_monomer 两两RMSD矩阵：\n",
      "单体文件顺序： ['local_monomer_0.sdf', 'local_monomer_1.sdf', 'local_monomer_2.sdf', 'local_monomer_3.sdf', 'local_monomer_4.sdf']\n",
      "[[0.     0.6355 0.6651 0.5921    nan]\n",
      " [0.6355 0.     0.1211 0.1918    nan]\n",
      " [0.6651 0.1211 0.     0.2333    nan]\n",
      " [0.5921 0.1918 0.2333 0.        nan]\n",
      " [   nan    nan    nan    nan 0.    ]]\n",
      "No sub-structure match found between the reference and probe mol\n",
      "No sub-structure match found between the reference and probe mol\n",
      "No sub-structure match found between the reference and probe mol\n",
      "No sub-structure match found between the reference and probe mol\n",
      "\n",
      "results/test/task_20_repeat-5-monomers 的 local_monomer 两两RMSD矩阵：\n",
      "单体文件顺序： ['local_monomer_0.sdf', 'local_monomer_1.sdf', 'local_monomer_2.sdf', 'local_monomer_3.sdf', 'local_monomer_4.sdf']\n",
      "[[0.        nan    nan    nan    nan]\n",
      " [   nan 0.     1.7841 0.8548 1.0861]\n",
      " [   nan 1.7841 0.     1.4421 1.0231]\n",
      " [   nan 0.8548 1.4421 0.     0.7864]\n",
      " [   nan 1.0861 1.0231 0.7864 0.    ]]\n",
      "No sub-structure match found between the reference and probe mol\n",
      "No sub-structure match found between the reference and probe mol\n",
      "No sub-structure match found between the reference and probe mol\n",
      "No sub-structure match found between the reference and probe mol\n",
      "\n",
      "results/test/task_99_repeat-5-monomers 的 local_monomer 两两RMSD矩阵：\n",
      "单体文件顺序： ['local_monomer_0.sdf', 'local_monomer_1.sdf', 'local_monomer_2.sdf', 'local_monomer_3.sdf', 'local_monomer_4.sdf']\n",
      "[[0.        nan    nan    nan    nan]\n",
      " [   nan 0.     0.829  0.6958 0.0743]\n",
      " [   nan 0.829  0.     0.7966 0.8176]\n",
      " [   nan 0.6958 0.7966 0.     0.6774]\n",
      " [   nan 0.0743 0.8176 0.6774 0.    ]]\n",
      "No sub-structure match found between the reference and probe mol\n",
      "No sub-structure match found between the reference and probe mol\n",
      "No sub-structure match found between the reference and probe mol\n",
      "No sub-structure match found between the reference and probe mol\n",
      "\n",
      "results/test/task_105_repeat-5-monomers 的 local_monomer 两两RMSD矩阵：\n",
      "单体文件顺序： ['local_monomer_0.sdf', 'local_monomer_1.sdf', 'local_monomer_2.sdf', 'local_monomer_3.sdf', 'local_monomer_4.sdf']\n",
      "[[0.     0.1836 0.1727 0.1953    nan]\n",
      " [0.1836 0.     0.2625 0.0359    nan]\n",
      " [0.1727 0.2625 0.     0.2634    nan]\n",
      " [0.1953 0.0359 0.2634 0.        nan]\n",
      " [   nan    nan    nan    nan 0.    ]]\n",
      "No sub-structure match found between the reference and probe mol\n",
      "No sub-structure match found between the reference and probe mol\n",
      "No sub-structure match found between the reference and probe mol\n",
      "No sub-structure match found between the reference and probe mol\n",
      "\n",
      "results/test/task_75_repeat-5-monomers 的 local_monomer 两两RMSD矩阵：\n",
      "单体文件顺序： ['local_monomer_0.sdf', 'local_monomer_1.sdf', 'local_monomer_2.sdf', 'local_monomer_3.sdf', 'local_monomer_4.sdf']\n",
      "[[0.        nan    nan    nan    nan]\n",
      " [   nan 0.     1.2545 0.1833 1.2377]\n",
      " [   nan 1.2545 0.     1.3127 0.2751]\n",
      " [   nan 0.1833 1.3127 0.     1.3009]\n",
      " [   nan 1.2377 0.2751 1.3009 0.    ]]\n",
      "No sub-structure match found between the reference and probe mol\n",
      "No sub-structure match found between the reference and probe mol\n",
      "No sub-structure match found between the reference and probe mol\n",
      "No sub-structure match found between the reference and probe mol\n",
      "\n",
      "results/test/task_58_repeat-5-monomers 的 local_monomer 两两RMSD矩阵：\n",
      "单体文件顺序： ['local_monomer_0.sdf', 'local_monomer_1.sdf', 'local_monomer_2.sdf', 'local_monomer_3.sdf', 'local_monomer_4.sdf']\n",
      "[[0.     1.1317 1.0831 0.3581    nan]\n",
      " [1.1317 0.     1.1346 1.1712    nan]\n",
      " [1.0831 1.1346 0.     0.9819    nan]\n",
      " [0.3581 1.1712 0.9819 0.        nan]\n",
      " [   nan    nan    nan    nan 0.    ]]\n",
      "No sub-structure match found between the reference and probe mol\n",
      "No sub-structure match found between the reference and probe mol\n",
      "No sub-structure match found between the reference and probe mol\n",
      "No sub-structure match found between the reference and probe mol\n",
      "\n",
      "results/test/task_13_repeat-5-monomers 的 local_monomer 两两RMSD矩阵：\n",
      "单体文件顺序： ['local_monomer_0.sdf', 'local_monomer_1.sdf', 'local_monomer_2.sdf', 'local_monomer_3.sdf', 'local_monomer_4.sdf']\n",
      "[[0.        nan    nan    nan    nan]\n",
      " [   nan 0.     0.7888 0.0675 0.077 ]\n",
      " [   nan 0.7888 0.     0.7694 0.8154]\n",
      " [   nan 0.0675 0.7694 0.     0.1259]\n",
      " [   nan 0.077  0.8154 0.1259 0.    ]]\n",
      "No sub-structure match found between the reference and probe mol\n",
      "No sub-structure match found between the reference and probe mol\n",
      "No sub-structure match found between the reference and probe mol\n",
      "No sub-structure match found between the reference and probe mol\n",
      "No sub-structure match found between the reference and probe mol\n",
      "No sub-structure match found between the reference and probe mol\n",
      "\n",
      "results/test/task_6_repeat-5-monomers 的 local_monomer 两两RMSD矩阵：\n",
      "单体文件顺序： ['local_monomer_0.sdf', 'local_monomer_1.sdf', 'local_monomer_2.sdf', 'local_monomer_3.sdf', 'local_monomer_4.sdf']\n",
      "[[0.        nan    nan    nan 0.6503]\n",
      " [   nan 0.     0.7348 0.521     nan]\n",
      " [   nan 0.7348 0.     0.9099    nan]\n",
      " [   nan 0.521  0.9099 0.        nan]\n",
      " [0.6503    nan    nan    nan 0.    ]]\n",
      "\n",
      "results/test/task_52_repeat-5-monomers 的 local_monomer 两两RMSD矩阵：\n",
      "单体文件顺序： ['local_monomer_0.sdf', 'local_monomer_1.sdf', 'local_monomer_2.sdf', 'local_monomer_3.sdf', 'local_monomer_4.sdf']\n",
      "[[0.     0.16   0.4881 0.5572 0.4808]\n",
      " [0.16   0.     0.4957 0.561  0.5111]\n",
      " [0.4881 0.4957 0.     0.1892 0.1901]\n",
      " [0.5572 0.561  0.1892 0.     0.37  ]\n",
      " [0.4808 0.5111 0.1901 0.37   0.    ]]\n",
      "\n",
      "results/test/task_12_repeat-5-monomers 的 local_monomer 两两RMSD矩阵：\n",
      "单体文件顺序： ['local_monomer_0.sdf', 'local_monomer_1.sdf', 'local_monomer_2.sdf', 'local_monomer_3.sdf', 'local_monomer_4.sdf']\n",
      "[[0.     0.5216 0.0403 0.0448 0.5205]\n",
      " [0.5216 0.     0.5202 0.5203 0.038 ]\n",
      " [0.0403 0.5202 0.     0.0689 0.5218]\n",
      " [0.0448 0.5203 0.0689 0.     0.5166]\n",
      " [0.5205 0.038  0.5218 0.5166 0.    ]]\n",
      "\n",
      "results/test/task_98_repeat-5-monomers 的 local_monomer 两两RMSD矩阵：\n",
      "单体文件顺序： ['local_monomer_0.sdf', 'local_monomer_1.sdf', 'local_monomer_2.sdf', 'local_monomer_3.sdf', 'local_monomer_4.sdf']\n",
      "[[0.     0.7647 0.0436 0.7629 0.7645]\n",
      " [0.7647 0.     0.7445 0.0477 0.0794]\n",
      " [0.0436 0.7445 0.     0.7435 0.7436]\n",
      " [0.7629 0.0477 0.7435 0.     0.0587]\n",
      " [0.7645 0.0794 0.7436 0.0587 0.    ]]\n",
      "\n",
      "results/test/task_27_repeat-5-monomers 的 local_monomer 两两RMSD矩阵：\n",
      "单体文件顺序： ['local_monomer_0.sdf', 'local_monomer_1.sdf', 'local_monomer_2.sdf', 'local_monomer_3.sdf', 'local_monomer_4.sdf']\n",
      "[[0.     0.533  0.6118 0.6142 0.5154]\n",
      " [0.533  0.     0.6317 0.6411 0.0562]\n",
      " [0.6118 0.6317 0.     0.0295 0.6231]\n",
      " [0.6142 0.6411 0.0295 0.     0.6322]\n",
      " [0.5154 0.0562 0.6231 0.6322 0.    ]]\n",
      "No sub-structure match found between the reference and probe mol\n",
      "No sub-structure match found between the reference and probe mol\n",
      "No sub-structure match found between the reference and probe mol\n",
      "No sub-structure match found between the reference and probe mol\n",
      "\n",
      "results/test/task_53_repeat-5-monomers 的 local_monomer 两两RMSD矩阵：\n",
      "单体文件顺序： ['local_monomer_0.sdf', 'local_monomer_1.sdf', 'local_monomer_2.sdf', 'local_monomer_3.sdf', 'local_monomer_4.sdf']\n",
      "[[0.     0.1361 0.9023 0.3984    nan]\n",
      " [0.1361 0.     0.8621 0.282     nan]\n",
      " [0.9023 0.8621 0.     0.8197    nan]\n",
      " [0.3984 0.282  0.8197 0.        nan]\n",
      " [   nan    nan    nan    nan 0.    ]]\n",
      "No sub-structure match found between the reference and probe mol\n",
      "No sub-structure match found between the reference and probe mol\n",
      "No sub-structure match found between the reference and probe mol\n",
      "No sub-structure match found between the reference and probe mol\n",
      "\n",
      "results/test/task_40_repeat-5-monomers 的 local_monomer 两两RMSD矩阵：\n",
      "单体文件顺序： ['local_monomer_0.sdf', 'local_monomer_1.sdf', 'local_monomer_2.sdf', 'local_monomer_3.sdf', 'local_monomer_4.sdf']\n",
      "[[0.     1.3147 0.9843 1.1091    nan]\n",
      " [1.3147 0.     0.9498 0.934     nan]\n",
      " [0.9843 0.9498 0.     0.5756    nan]\n",
      " [1.1091 0.934  0.5756 0.        nan]\n",
      " [   nan    nan    nan    nan 0.    ]]\n",
      "No sub-structure match found between the reference and probe mol\n",
      "No sub-structure match found between the reference and probe mol\n",
      "No sub-structure match found between the reference and probe mol\n",
      "No sub-structure match found between the reference and probe mol\n",
      "\n",
      "results/test/task_38_repeat-5-monomers 的 local_monomer 两两RMSD矩阵：\n",
      "单体文件顺序： ['local_monomer_0.sdf', 'local_monomer_1.sdf', 'local_monomer_2.sdf', 'local_monomer_3.sdf', 'local_monomer_4.sdf']\n",
      "[[0.        nan    nan    nan    nan]\n",
      " [   nan 0.     0.1918 0.6396 0.5305]\n",
      " [   nan 0.1918 0.     0.5422 0.6731]\n",
      " [   nan 0.6396 0.5422 0.     0.525 ]\n",
      " [   nan 0.5305 0.6731 0.525  0.    ]]\n",
      "No sub-structure match found between the reference and probe mol\n",
      "No sub-structure match found between the reference and probe mol\n",
      "No sub-structure match found between the reference and probe mol\n",
      "No sub-structure match found between the reference and probe mol\n",
      "\n",
      "results/test/task_59_repeat-5-monomers 的 local_monomer 两两RMSD矩阵：\n",
      "单体文件顺序： ['local_monomer_0.sdf', 'local_monomer_1.sdf', 'local_monomer_2.sdf', 'local_monomer_3.sdf', 'local_monomer_4.sdf']\n",
      "[[0.        nan    nan    nan    nan]\n",
      " [   nan 0.     0.9899 1.5364 0.9689]\n",
      " [   nan 0.9899 0.     1.2113 0.7928]\n",
      " [   nan 1.5364 1.2113 0.     1.2732]\n",
      " [   nan 0.9689 0.7928 1.2732 0.    ]]\n",
      "\n",
      "results/test/task_29_repeat-5-monomers 的 local_monomer 两两RMSD矩阵：\n",
      "单体文件顺序： ['local_monomer_0.sdf', 'local_monomer_1.sdf', 'local_monomer_2.sdf', 'local_monomer_3.sdf', 'local_monomer_4.sdf']\n",
      "[[0.     0.5443 0.8864 0.9519 0.9735]\n",
      " [0.5443 0.     0.7465 0.8357 0.6956]\n",
      " [0.8864 0.7465 0.     0.6668 0.5663]\n",
      " [0.9519 0.8357 0.6668 0.     0.4877]\n",
      " [0.9735 0.6956 0.5663 0.4877 0.    ]]\n",
      "No sub-structure match found between the reference and probe mol\n",
      "No sub-structure match found between the reference and probe mol\n",
      "No sub-structure match found between the reference and probe mol\n",
      "No sub-structure match found between the reference and probe mol\n",
      "\n",
      "results/test/task_5_repeat-5-monomers 的 local_monomer 两两RMSD矩阵：\n",
      "单体文件顺序： ['local_monomer_0.sdf', 'local_monomer_1.sdf', 'local_monomer_2.sdf', 'local_monomer_3.sdf', 'local_monomer_4.sdf']\n",
      "[[0.        nan    nan    nan    nan]\n",
      " [   nan 0.     1.5948 1.148  0.8949]\n",
      " [   nan 1.5948 0.     1.8568 1.802 ]\n",
      " [   nan 1.148  1.8568 0.     0.5814]\n",
      " [   nan 0.8949 1.802  0.5814 0.    ]]\n",
      "No sub-structure match found between the reference and probe mol\n",
      "No sub-structure match found between the reference and probe mol\n",
      "No sub-structure match found between the reference and probe mol\n",
      "No sub-structure match found between the reference and probe mol\n",
      "\n",
      "results/test/task_25_repeat-5-monomers 的 local_monomer 两两RMSD矩阵：\n",
      "单体文件顺序： ['local_monomer_0.sdf', 'local_monomer_1.sdf', 'local_monomer_2.sdf', 'local_monomer_3.sdf', 'local_monomer_4.sdf']\n",
      "[[0.        nan    nan    nan    nan]\n",
      " [   nan 0.     0.651  0.6191 0.1617]\n",
      " [   nan 0.651  0.     0.1548 0.656 ]\n",
      " [   nan 0.6191 0.1548 0.     0.6434]\n",
      " [   nan 0.1617 0.656  0.6434 0.    ]]\n",
      "No sub-structure match found between the reference and probe mol\n",
      "No sub-structure match found between the reference and probe mol\n",
      "No sub-structure match found between the reference and probe mol\n",
      "No sub-structure match found between the reference and probe mol\n",
      "\n",
      "results/test/task_11_repeat-5-monomers 的 local_monomer 两两RMSD矩阵：\n",
      "单体文件顺序： ['local_monomer_0.sdf', 'local_monomer_1.sdf', 'local_monomer_2.sdf', 'local_monomer_3.sdf', 'local_monomer_4.sdf']\n",
      "[[0.        nan    nan    nan    nan]\n",
      " [   nan 0.     0.9445 0.3045 0.801 ]\n",
      " [   nan 0.9445 0.     1.0944 1.3955]\n",
      " [   nan 0.3045 1.0944 0.     0.7425]\n",
      " [   nan 0.801  1.3955 0.7425 0.    ]]\n",
      "No sub-structure match found between the reference and probe mol\n",
      "No sub-structure match found between the reference and probe mol\n",
      "No sub-structure match found between the reference and probe mol\n",
      "No sub-structure match found between the reference and probe mol\n",
      "\n",
      "results/test/task_57_repeat-5-monomers 的 local_monomer 两两RMSD矩阵：\n",
      "单体文件顺序： ['local_monomer_0.sdf', 'local_monomer_1.sdf', 'local_monomer_2.sdf', 'local_monomer_3.sdf', 'local_monomer_4.sdf']\n",
      "[[0.        nan    nan    nan    nan]\n",
      " [   nan 0.     1.2926 1.2198 1.1079]\n",
      " [   nan 1.2926 0.     1.5991 1.6582]\n",
      " [   nan 1.2198 1.5991 0.     1.0855]\n",
      " [   nan 1.1079 1.6582 1.0855 0.    ]]\n",
      "\n",
      "results/test/task_22_repeat-5-monomers 的 local_monomer 两两RMSD矩阵：\n",
      "单体文件顺序： ['local_monomer_0.sdf', 'local_monomer_1.sdf', 'local_monomer_2.sdf', 'local_monomer_3.sdf', 'local_monomer_4.sdf']\n",
      "[[0.     1.0146 0.2513 0.2738 1.047 ]\n",
      " [1.0146 0.     0.9811 1.1272 0.1632]\n",
      " [0.2513 0.9811 0.     0.4619 1.0386]\n",
      " [0.2738 1.1272 0.4619 0.     1.1119]\n",
      " [1.047  0.1632 1.0386 1.1119 0.    ]]\n",
      "No sub-structure match found between the reference and probe mol\n",
      "No sub-structure match found between the reference and probe mol\n",
      "No sub-structure match found between the reference and probe mol\n",
      "No sub-structure match found between the reference and probe mol\n",
      "\n",
      "results/test/task_74_repeat-5-monomers 的 local_monomer 两两RMSD矩阵：\n",
      "单体文件顺序： ['local_monomer_0.sdf', 'local_monomer_1.sdf', 'local_monomer_2.sdf', 'local_monomer_3.sdf', 'local_monomer_4.sdf']\n",
      "[[0.        nan    nan    nan    nan]\n",
      " [   nan 0.     0.4489 0.0682 0.4172]\n",
      " [   nan 0.4489 0.     0.4392 0.1254]\n",
      " [   nan 0.0682 0.4392 0.     0.396 ]\n",
      " [   nan 0.4172 0.1254 0.396  0.    ]]\n",
      "\n",
      "results/test/task_46_repeat-5-monomers 的 local_monomer 两两RMSD矩阵：\n",
      "单体文件顺序： ['local_monomer_0.sdf', 'local_monomer_1.sdf', 'local_monomer_2.sdf', 'local_monomer_3.sdf', 'local_monomer_4.sdf']\n",
      "[[0.     0.0085 0.0095 0.0099 0.0298]\n",
      " [0.0085 0.     0.0085 0.0105 0.029 ]\n",
      " [0.0095 0.0085 0.     0.0063 0.0287]\n",
      " [0.0099 0.0105 0.0063 0.     0.0266]\n",
      " [0.0298 0.029  0.0287 0.0266 0.    ]]\n",
      "No sub-structure match found between the reference and probe mol\n",
      "No sub-structure match found between the reference and probe mol\n",
      "No sub-structure match found between the reference and probe mol\n",
      "No sub-structure match found between the reference and probe mol\n",
      "\n",
      "results/test/task_44_repeat-5-monomers 的 local_monomer 两两RMSD矩阵：\n",
      "单体文件顺序： ['local_monomer_0.sdf', 'local_monomer_1.sdf', 'local_monomer_2.sdf', 'local_monomer_3.sdf', 'local_monomer_4.sdf']\n",
      "[[0.     0.1076 1.0504 1.0472    nan]\n",
      " [0.1076 0.     1.0776 1.0751    nan]\n",
      " [1.0504 1.0776 0.     0.0555    nan]\n",
      " [1.0472 1.0751 0.0555 0.        nan]\n",
      " [   nan    nan    nan    nan 0.    ]]\n",
      "No sub-structure match found between the reference and probe mol\n",
      "No sub-structure match found between the reference and probe mol\n",
      "No sub-structure match found between the reference and probe mol\n",
      "No sub-structure match found between the reference and probe mol\n",
      "\n",
      "results/test/task_65_repeat-5-monomers 的 local_monomer 两两RMSD矩阵：\n",
      "单体文件顺序： ['local_monomer_0.sdf', 'local_monomer_1.sdf', 'local_monomer_2.sdf', 'local_monomer_3.sdf', 'local_monomer_4.sdf']\n",
      "[[0.     1.3967 0.2287 0.9978    nan]\n",
      " [1.3967 0.     1.4188 1.0285    nan]\n",
      " [0.2287 1.4188 0.     0.9799    nan]\n",
      " [0.9978 1.0285 0.9799 0.        nan]\n",
      " [   nan    nan    nan    nan 0.    ]]\n",
      "No sub-structure match found between the reference and probe mol\n",
      "No sub-structure match found between the reference and probe mol\n",
      "No sub-structure match found between the reference and probe mol\n",
      "No sub-structure match found between the reference and probe mol\n",
      "No sub-structure match found between the reference and probe mol\n",
      "No sub-structure match found between the reference and probe mol\n",
      "\n",
      "results/test/task_103_repeat-5-monomers 的 local_monomer 两两RMSD矩阵：\n",
      "单体文件顺序： ['local_monomer_0.sdf', 'local_monomer_1.sdf', 'local_monomer_2.sdf', 'local_monomer_3.sdf', 'local_monomer_4.sdf']\n",
      "[[0.        nan    nan    nan 0.6283]\n",
      " [   nan 0.     0.6255 0.6599    nan]\n",
      " [   nan 0.6255 0.     0.6649    nan]\n",
      " [   nan 0.6599 0.6649 0.        nan]\n",
      " [0.6283    nan    nan    nan 0.    ]]\n",
      "\n",
      "results/test/task_88_repeat-5-monomers 的 local_monomer 两两RMSD矩阵：\n",
      "单体文件顺序： ['local_monomer_0.sdf', 'local_monomer_1.sdf', 'local_monomer_2.sdf', 'local_monomer_3.sdf', 'local_monomer_4.sdf']\n",
      "[[0.     1.1411 1.1077 1.4242 1.4204]\n",
      " [1.1411 0.     1.487  0.4955 0.4472]\n",
      " [1.1077 1.487  0.     1.308  1.2664]\n",
      " [1.4242 0.4955 1.308  0.     0.2188]\n",
      " [1.4204 0.4472 1.2664 0.2188 0.    ]]\n",
      "No sub-structure match found between the reference and probe mol\n",
      "No sub-structure match found between the reference and probe mol\n",
      "No sub-structure match found between the reference and probe mol\n",
      "No sub-structure match found between the reference and probe mol\n",
      "\n",
      "results/test/task_7_repeat-5-monomers 的 local_monomer 两两RMSD矩阵：\n",
      "单体文件顺序： ['local_monomer_0.sdf', 'local_monomer_1.sdf', 'local_monomer_2.sdf', 'local_monomer_3.sdf', 'local_monomer_4.sdf']\n",
      "[[0.        nan    nan    nan    nan]\n",
      " [   nan 0.     0.0657 0.0843 0.0633]\n",
      " [   nan 0.0657 0.     0.0387 0.043 ]\n",
      " [   nan 0.0843 0.0387 0.     0.0554]\n",
      " [   nan 0.0633 0.043  0.0554 0.    ]]\n",
      "No sub-structure match found between the reference and probe mol\n",
      "No sub-structure match found between the reference and probe mol\n",
      "No sub-structure match found between the reference and probe mol\n",
      "No sub-structure match found between the reference and probe mol\n",
      "No sub-structure match found between the reference and probe mol\n",
      "No sub-structure match found between the reference and probe mol\n",
      "No sub-structure match found between the reference and probe mol\n",
      "\n",
      "results/test/task_18_repeat-5-monomers 的 local_monomer 两两RMSD矩阵：\n",
      "单体文件顺序： ['local_monomer_0.sdf', 'local_monomer_1.sdf', 'local_monomer_2.sdf', 'local_monomer_3.sdf', 'local_monomer_4.sdf']\n",
      "[[0.        nan    nan    nan    nan]\n",
      " [   nan 0.     1.3364 1.5201    nan]\n",
      " [   nan 1.3364 0.     1.3564    nan]\n",
      " [   nan 1.5201 1.3564 0.        nan]\n",
      " [   nan    nan    nan    nan 0.    ]]\n"
     ]
    },
    {
     "name": "stdout",
     "output_type": "stream",
     "text": [
      "\n",
      "results/test/task_45_repeat-5-monomers 的 local_monomer 两两RMSD矩阵：\n",
      "单体文件顺序： ['local_monomer_0.sdf', 'local_monomer_1.sdf', 'local_monomer_2.sdf', 'local_monomer_3.sdf', 'local_monomer_4.sdf']\n",
      "[[0.     1.0035 0.9194 0.8918 0.0683]\n",
      " [1.0035 0.     0.2975 0.357  1.0014]\n",
      " [0.9194 0.2975 0.     0.0927 0.907 ]\n",
      " [0.8918 0.357  0.0927 0.     0.8775]\n",
      " [0.0683 1.0014 0.907  0.8775 0.    ]]\n",
      "No sub-structure match found between the reference and probe mol\n",
      "No sub-structure match found between the reference and probe mol\n",
      "No sub-structure match found between the reference and probe mol\n",
      "No sub-structure match found between the reference and probe mol\n",
      "\n",
      "results/test/task_42_repeat-5-monomers 的 local_monomer 两两RMSD矩阵：\n",
      "单体文件顺序： ['local_monomer_0.sdf', 'local_monomer_1.sdf', 'local_monomer_2.sdf', 'local_monomer_3.sdf', 'local_monomer_4.sdf']\n",
      "[[0.        nan    nan    nan    nan]\n",
      " [   nan 0.     0.4368 0.1292 0.1838]\n",
      " [   nan 0.4368 0.     0.403  0.4827]\n",
      " [   nan 0.1292 0.403  0.     0.166 ]\n",
      " [   nan 0.1838 0.4827 0.166  0.    ]]\n",
      "No sub-structure match found between the reference and probe mol\n",
      "No sub-structure match found between the reference and probe mol\n",
      "No sub-structure match found between the reference and probe mol\n",
      "No sub-structure match found between the reference and probe mol\n",
      "\n",
      "results/test/task_41_repeat-5-monomers 的 local_monomer 两两RMSD矩阵：\n",
      "单体文件顺序： ['local_monomer_0.sdf', 'local_monomer_1.sdf', 'local_monomer_2.sdf', 'local_monomer_3.sdf', 'local_monomer_4.sdf']\n",
      "[[0.        nan    nan    nan    nan]\n",
      " [   nan 0.     1.2937 1.3129 0.874 ]\n",
      " [   nan 1.2937 0.     0.2961 1.2193]\n",
      " [   nan 1.3129 0.2961 0.     1.2963]\n",
      " [   nan 0.874  1.2193 1.2963 0.    ]]\n",
      "No sub-structure match found between the reference and probe mol\n",
      "No sub-structure match found between the reference and probe mol\n",
      "No sub-structure match found between the reference and probe mol\n",
      "No sub-structure match found between the reference and probe mol\n",
      "\n",
      "results/test/task_8_repeat-5-monomers 的 local_monomer 两两RMSD矩阵：\n",
      "单体文件顺序： ['local_monomer_0.sdf', 'local_monomer_1.sdf', 'local_monomer_2.sdf', 'local_monomer_3.sdf', 'local_monomer_4.sdf']\n",
      "[[0.        nan    nan    nan    nan]\n",
      " [   nan 0.     0.0636 0.0199 0.0549]\n",
      " [   nan 0.0636 0.     0.0529 0.0826]\n",
      " [   nan 0.0199 0.0529 0.     0.0547]\n",
      " [   nan 0.0549 0.0826 0.0547 0.    ]]\n",
      "\n",
      "results/test/task_4_repeat-5-monomers 的 local_monomer 两两RMSD矩阵：\n",
      "单体文件顺序： ['local_monomer_0.sdf', 'local_monomer_1.sdf', 'local_monomer_2.sdf', 'local_monomer_3.sdf', 'local_monomer_4.sdf']\n",
      "[[0.     0.0939 0.0669 0.9703 0.9963]\n",
      " [0.0939 0.     0.0633 0.9457 0.9806]\n",
      " [0.0669 0.0633 0.     0.9379 0.9689]\n",
      " [0.9703 0.9457 0.9379 0.     0.0857]\n",
      " [0.9963 0.9806 0.9689 0.0857 0.    ]]\n",
      "\n",
      "results/test/task_24_repeat-5-monomers 的 local_monomer 两两RMSD矩阵：\n",
      "单体文件顺序： ['local_monomer_0.sdf', 'local_monomer_1.sdf', 'local_monomer_2.sdf', 'local_monomer_3.sdf', 'local_monomer_4.sdf']\n",
      "[[0.     0.847  0.1004 0.0975 1.1525]\n",
      " [0.847  0.     0.8783 0.8528 0.6108]\n",
      " [0.1004 0.8783 0.     0.0857 1.1678]\n",
      " [0.0975 0.8528 0.0857 0.     1.1486]\n",
      " [1.1525 0.6108 1.1678 1.1486 0.    ]]\n",
      "\n",
      "results/test/task_21_repeat-5-monomers 的 local_monomer 两两RMSD矩阵：\n",
      "单体文件顺序： ['local_monomer_0.sdf', 'local_monomer_1.sdf', 'local_monomer_2.sdf', 'local_monomer_3.sdf', 'local_monomer_4.sdf']\n",
      "[[0.     0.1326 0.6008 0.1126 0.6717]\n",
      " [0.1326 0.     0.5844 0.1802 0.6513]\n",
      " [0.6008 0.5844 0.     0.648  0.1623]\n",
      " [0.1126 0.1802 0.648  0.     0.7001]\n",
      " [0.6717 0.6513 0.1623 0.7001 0.    ]]\n",
      "No sub-structure match found between the reference and probe mol\n",
      "No sub-structure match found between the reference and probe mol\n",
      "No sub-structure match found between the reference and probe mol\n",
      "No sub-structure match found between the reference and probe mol\n",
      "\n",
      "results/test/task_9_repeat-5-monomers 的 local_monomer 两两RMSD矩阵：\n",
      "单体文件顺序： ['local_monomer_0.sdf', 'local_monomer_1.sdf', 'local_monomer_2.sdf', 'local_monomer_3.sdf', 'local_monomer_4.sdf']\n",
      "[[0.        nan    nan    nan    nan]\n",
      " [   nan 0.     0.6003 0.4034 1.0906]\n",
      " [   nan 0.6003 0.     0.6691 1.1395]\n",
      " [   nan 0.4034 0.6691 0.     0.9024]\n",
      " [   nan 1.0906 1.1395 0.9024 0.    ]]\n",
      "No sub-structure match found between the reference and probe mol\n",
      "No sub-structure match found between the reference and probe mol\n",
      "No sub-structure match found between the reference and probe mol\n",
      "No sub-structure match found between the reference and probe mol\n",
      "\n",
      "results/test/task_69_repeat-5-monomers 的 local_monomer 两两RMSD矩阵：\n",
      "单体文件顺序： ['local_monomer_0.sdf', 'local_monomer_1.sdf', 'local_monomer_2.sdf', 'local_monomer_3.sdf', 'local_monomer_4.sdf']\n",
      "[[0.        nan    nan    nan    nan]\n",
      " [   nan 0.     0.8358 0.8372 0.0246]\n",
      " [   nan 0.8358 0.     0.0307 0.8328]\n",
      " [   nan 0.8372 0.0307 0.     0.8343]\n",
      " [   nan 0.0246 0.8328 0.8343 0.    ]]\n",
      "\n",
      "results/test/task_32_repeat-5-monomers 的 local_monomer 两两RMSD矩阵：\n",
      "单体文件顺序： ['local_monomer_0.sdf', 'local_monomer_1.sdf', 'local_monomer_2.sdf', 'local_monomer_3.sdf', 'local_monomer_4.sdf']\n",
      "[[0.     0.1227 0.5507 1.4608 0.8523]\n",
      " [0.1227 0.     0.5915 1.4317 0.8398]\n",
      " [0.5507 0.5915 0.     1.3564 0.8877]\n",
      " [1.4608 1.4317 1.3564 0.     1.6025]\n",
      " [0.8523 0.8398 0.8877 1.6025 0.    ]]\n",
      "No sub-structure match found between the reference and probe mol\n",
      "No sub-structure match found between the reference and probe mol\n",
      "No sub-structure match found between the reference and probe mol\n",
      "No sub-structure match found between the reference and probe mol\n",
      "\n",
      "results/test/task_62_repeat-5-monomers 的 local_monomer 两两RMSD矩阵：\n",
      "单体文件顺序： ['local_monomer_0.sdf', 'local_monomer_1.sdf', 'local_monomer_2.sdf', 'local_monomer_3.sdf', 'local_monomer_4.sdf']\n",
      "[[0.        nan    nan    nan    nan]\n",
      " [   nan 0.     1.2452 1.2483 1.2528]\n",
      " [   nan 1.2452 0.     0.0432 0.0533]\n",
      " [   nan 1.2483 0.0432 0.     0.0863]\n",
      " [   nan 1.2528 0.0533 0.0863 0.    ]]\n",
      "No sub-structure match found between the reference and probe mol\n",
      "No sub-structure match found between the reference and probe mol\n",
      "No sub-structure match found between the reference and probe mol\n",
      "No sub-structure match found between the reference and probe mol\n",
      "\n",
      "results/test/task_68_repeat-5-monomers 的 local_monomer 两两RMSD矩阵：\n",
      "单体文件顺序： ['local_monomer_0.sdf', 'local_monomer_1.sdf', 'local_monomer_2.sdf', 'local_monomer_3.sdf', 'local_monomer_4.sdf']\n",
      "[[0.        nan    nan    nan    nan]\n",
      " [   nan 0.     0.8737 0.1415 0.9721]\n",
      " [   nan 0.8737 0.     0.9322 0.7314]\n",
      " [   nan 0.1415 0.9322 0.     0.9551]\n",
      " [   nan 0.9721 0.7314 0.9551 0.    ]]\n",
      "No sub-structure match found between the reference and probe mol\n",
      "No sub-structure match found between the reference and probe mol\n",
      "No sub-structure match found between the reference and probe mol\n",
      "No sub-structure match found between the reference and probe mol\n",
      "\n",
      "results/test/task_51_repeat-5-monomers 的 local_monomer 两两RMSD矩阵：\n",
      "单体文件顺序： ['local_monomer_0.sdf', 'local_monomer_1.sdf', 'local_monomer_2.sdf', 'local_monomer_3.sdf', 'local_monomer_4.sdf']\n",
      "[[0.     0.8585 0.4937 0.9881    nan]\n",
      " [0.8585 0.     0.8965 1.0747    nan]\n",
      " [0.4937 0.8965 0.     0.9614    nan]\n",
      " [0.9881 1.0747 0.9614 0.        nan]\n",
      " [   nan    nan    nan    nan 0.    ]]\n",
      "No sub-structure match found between the reference and probe mol\n",
      "No sub-structure match found between the reference and probe mol\n",
      "No sub-structure match found between the reference and probe mol\n",
      "No sub-structure match found between the reference and probe mol\n",
      "\n",
      "results/test/task_82_repeat-5-monomers 的 local_monomer 两两RMSD矩阵：\n",
      "单体文件顺序： ['local_monomer_0.sdf', 'local_monomer_1.sdf', 'local_monomer_2.sdf', 'local_monomer_3.sdf', 'local_monomer_4.sdf']\n",
      "[[0.        nan    nan    nan    nan]\n",
      " [   nan 0.     0.0352 0.5537 0.5484]\n",
      " [   nan 0.0352 0.     0.5551 0.5512]\n",
      " [   nan 0.5537 0.5551 0.     0.0358]\n",
      " [   nan 0.5484 0.5512 0.0358 0.    ]]\n",
      "No sub-structure match found between the reference and probe mol\n",
      "No sub-structure match found between the reference and probe mol\n",
      "No sub-structure match found between the reference and probe mol\n",
      "No sub-structure match found between the reference and probe mol\n",
      "No sub-structure match found between the reference and probe mol\n",
      "No sub-structure match found between the reference and probe mol\n",
      "No sub-structure match found between the reference and probe mol\n",
      "\n",
      "results/test/task_54_repeat-5-monomers 的 local_monomer 两两RMSD矩阵：\n",
      "单体文件顺序： ['local_monomer_0.sdf', 'local_monomer_1.sdf', 'local_monomer_2.sdf', 'local_monomer_3.sdf', 'local_monomer_4.sdf']\n",
      "[[0.        nan    nan    nan    nan]\n",
